[gd_scene load_steps=13 format=3 uid="uid://cm6byh8geuxup"]

[ext_resource type="Script" path="res://main.gd" id="1_b5th3"]
[ext_resource type="PackedScene" uid="uid://efhli5mx1ocb" path="res://player/player.tscn" id="1_gx7nr"]
[ext_resource type="Texture2D" uid="uid://bcag2h0uf1f5o" path="res://sky.hdr" id="2_exf2y"]
[ext_resource type="Resource" uid="uid://deu0peg282uw6" path="res://player/p1_controls.tres" id="3_mi2kk"]
[ext_resource type="Script" path="res://ui/camera_3d.gd" id="4_2ybbk"]
[ext_resource type="Resource" uid="uid://c1bs0xj1k2bgb" path="res://player/p2_controls.tres" id="4_3ab4h"]
[ext_resource type="PackedScene" uid="uid://hni7dct4exvb" path="res://models/board/boardnoplane.fbx" id="5_w4thp"]
[ext_resource type="PackedScene" uid="uid://cpn2ympvqfo3q" path="res://ui/pick_object_ui.tscn" id="7_4x0s1"]
[ext_resource type="PackedScene" uid="uid://d0rh4dbxufpbq" path="res://tile-selector/tile_selector.tscn" id="9_htbmn"]

[sub_resource type="PanoramaSkyMaterial" id="PanoramaSkyMaterial_dagti"]
panorama = ExtResource("2_exf2y")
energy_multiplier = 0.5

[sub_resource type="Sky" id="Sky_1bi71"]
sky_material = SubResource("PanoramaSkyMaterial_dagti")

[sub_resource type="Environment" id="Environment_3p8xg"]
background_mode = 2
background_energy_multiplier = 0.5
sky = SubResource("Sky_1bi71")
sky_custom_fov = 100.0
tonemap_mode = 2
glow_enabled = true

[node name="Main" type="Node3D"]
script = ExtResource("1_b5th3")
map_size = Vector3i(6, 6, 6)

[node name="WorldEnvironment" type="WorldEnvironment" parent="."]
environment = SubResource("Environment_3p8xg")

[node name="DirectionalLight3D" type="DirectionalLight3D" parent="."]
transform = Transform3D(-0.339597, -0.804549, 0.487213, -0.00206689, 0.518634, 0.854994, -0.940569, 0.289346, -0.17779, 0, 0, 0)
shadow_enabled = true

[node name="MainCamera" type="Camera3D" parent="."]
transform = Transform3D(0.707107, -0.353553, 0.612373, 0, 0.866026, 0.499999, -0.707107, -0.353553, 0.612373, 44.7619, 29.459, 43.394)
fov = 35.0
script = ExtResource("4_2ybbk")

[node name="BuildingCamera" type="Camera3D" parent="."]
transform = Transform3D(1, 0, 0, 0, 0.632516, 0.774547, 0, -0.774547, 0.632516, 13.1416, 44.1557, 47.2737)
visible = false
fov = 35.0

[node name="Player" parent="." instance=ExtResource("1_gx7nr")]
transform = Transform3D(1.06066, 0, 1.06066, 0, 1.5, 0, -1.06066, 0, 1.06066, 25, 0, 25)
motion_mode = 0
controls = ExtResource("3_mi2kk")
player_blue = true

[node name="Player2" parent="." instance=ExtResource("1_gx7nr")]
transform = Transform3D(1.06066, 0, 1.06066, 0, 1.5, 0, -1.06066, 0, 1.06066, 26, 0, 25)
motion_mode = 0
controls = ExtResource("4_3ab4h")

[node name="boardnoplane" parent="." instance=ExtResource("5_w4thp")]
transform = Transform3D(-4.37114e-08, 0, 1, 0, 1, 0, -1, 0, -4.37114e-08, 4.73518, -0.171568, 6.24596)

[node name="PickObjectUI" parent="." instance=ExtResource("7_4x0s1")]
visible = false

[node name="TileSelectorRed" parent="." instance=ExtResource("9_htbmn")]
player_blue = false

[node name="TileSelectorBlue" parent="." instance=ExtResource("9_htbmn")]

[node name="Timer" type="Timer" parent="."]

[connection signal="changed_player" from="." to="." method="_on_changed_player"]
[connection signal="player1_picked_tile" from="PickObjectUI" to="." method="_on_pick_object_ui_player_1_picked_tile"]
[connection signal="player2_picked_tile" from="PickObjectUI" to="." method="_on_pick_object_ui_player_2_picked_tile"]
